1 40 1 5000
1 35 1 0
1 20 1 0
1 40 1 2000
1 40 1 4000
1 20 1 500
1 30 1 500
1 40 1 500
1 50 1 1000
1 50 1 500
1 50 1 500
1 40 1 1000
1 20 1 500
1 35 1 0
1 10 1 500
1 50 1 0
1 40 1 2000
1 40 1 1000
1 40 1 500
1 35 1 0
1 20 1 0
1 10 1 500
1 50 1 500
1 40 1 2000
1 40 1 1000
1 40 1 500
1 35 1 0
1 20 1 0
1 10 1 500
1 50 1 500
1 40 1 2000
1 40 1 2000
1 35 1 0
1 20 1 0
1 40 1 1000
1 35 1 0
1 20 1 0
1 40 1 1000
1 35 1 0
1 20 1 0
1 40 1 1000
1 40 1 2000
1 40 1 1000
1 40 1 500
1 40 1 500
1 35 1 0
1 20 1 0
1 10 1 1000
1 20 1 100
1 30 1 200
1 40 1 100
1 50 1 200
1 35 1 300
1 50 1 200
1 10 1 1000
1 20 1 100
1 30 1 200
1 40 1 100
1 50 1 200
1 35 1 300
1 50 1 200
1 40 1 1000
1 40 1 1000
1 40 1 500
1 35 1 0
1 20 1 0
1 10 1 500
1 50 1 500
1 40 1 1000
1 40 1 1000
1 40 1 500
1 35 1 0
1 20 1 0
1 10 1 500
1 50 1 500
1 10 1 0
1 20 1 0
1 30 1 0
1 40 1 0
1 50 1 0
1 35 1 0
1 50 1 0
1 10 -10 0
1 20 -10 0
1 30 -10 0
1 40 -10 0
1 50 -10 0
1 35 -10 0
1 50 -10 2000
1 10 1 0
1 20 1 0
1 30 1 0
1 40 1 0
1 50 1 0
1 35 1 0
1 50 1 1000
1 10 1 0
1 20 1 0
1 30 1 0
1 40 1 0
1 50 1 0
1 35 1 0
1 50 1 500
1 10 1 0
1 20 1 0
1 30 1 0
1 40 1 0
1 50 1 0
1 35 1 0
1 50 1 250
1 10 1 0
1 20 1 0
1 30 1 0
1 40 1 0
1 50 1 0
1 35 1 0
1 50 1 100
1 10 1 0
1 20 1 0
1 30 1 0
1 40 1 0
1 50 1 0
1 35 1 0
1 50 1 0
1 50 1 100
1 10 1 0
1 20 1 0
1 30 1 0
1 40 1 0
1 50 1 0
1 35 1 0
1 50 1 0
1 50 1 100
1 10 1 0
1 20 1 0
1 30 1 0
1 40 1 0
1 50 1 0
1 35 1 0
1 50 1 0