1 40 1 5000
1 60 1 0
1 20 1 0
1 40 1 2000
1 40 1 4000
1 20 1 500
1 30 1 500
1 40 1 500
1 70 1 1000
1 70 1 500
1 70 1 500
1 40 1 1000
1 20 1 500
1 60 1 0
1 10 1 500
1 70 1 0
1 40 1 2000
1 40 1 1000
1 40 1 500
1 60 1 0
1 20 1 0
1 10 1 500
1 70 1 500
1 40 1 2000
1 40 1 1000
1 40 1 500
1 60 1 0
1 20 1 0
1 10 1 500
1 70 1 500
1 40 1 2000
1 40 1 2000
1 60 1 0
1 20 1 0
1 40 1 1000
1 60 1 0
1 20 1 0
1 40 1 1000
1 60 1 0
1 20 1 0
1 40 1 1000
1 40 1 2000
1 40 1 1000
1 40 1 500
1 40 1 500
1 60 1 0
1 20 1 0
